101

Lips. Tayl. Lips. Tayl. Lips. Tayl. Lips. Tayl.

221 251 pen. 284 279 11 381 365 1 447 387 17
222 252 11 285 ult. 382 3 448 388 9
223 253 2 286 280 8 383 4 449 10
224 253 8 287 14 384 366 3 450 12
225 11 288 pen. 385 6 451 389 2
226 254 3 289 281 6 386 10 452 5
227 ’ 13 290 15 387 16 453 11
228 255 ,4 291 282 1 388 ult. 454 16
229 10 292 6 389 367 4 455 390 7
230 pen. 293 ult. 390 16 456 1 6
231 256 9 294 283 13 391 pen. 457 18
232 257 5 295 ult. 392 368 6 458 391 8
233 10 296 284 10 393 7 459 13
234 16 297 13 394 12 460 16
235 258 6 298 285 1 395 369 1 461 392 11
236 13 299 6 396 14 462 ult.
237 17 300 16 397 370 1 463 393 10
238 259 3 301 286 10 398 11 464 13
239 10 302 17 399 13 465 15
240 15 303 287 2 400 371 1 466 394 2
241 260 5 304 16 402 6 467 8
242 18 305 288 7 403 7 468 15
243 261 8 306 17 404 14 469 ult.
244 262 1 307 289 4 405 372 2 470 395 5
245 13 308 7 406 11 471 16
246 17 309 12 407 13 472 396 7
247 263 5 310 ult. 408 16 473 9
248 15 311 290 16 409 373 3 474 15
249 16 312 291 12 41 1 5 475 pen.
250 18 313 ult. 412 6 476 397 3
251 264 4 314 292 11 413 10 478 5
252 13 315 293 1 414 12 479 16
253 265 2 316 9 415 374 4 480 398 2
254 11 317 294 4 416 ’14 481 12
255 266 2 318 15 417 375 4 482 399 2
256 ’12 319 17 418 9 483 18
257 18 320 295 10 419 1 1 484 400 6
258 267 4 321 296 2 420 pen. 485 15
259 18 322 8 421 376 3 486 401 3
260 268 1 6 323 15 422 5 487 402 1
261 269 1 324 pen. 424 10 488 9
262 3 325 297 12 425 15 489 15
263 , 12 326 298 1 ’ 426 377 9 490 pen.
264 270 ” 3 327 12 427 16 V 491 403 10
265 7 328 299 3 428 378 6 492 13
266 16 329 13 ’ 429 pen. 493 18
267 271 1 330 300 3 430 37 9 1 5 494 ult.
268 9 331 4 431 380 0 495 404 12>
269 18 332 9 432 14 496 pen.
270 272 7 333 14 433 381 4 497 405 ’.ζ
271 1 4 334 pen. 434 7 498 13
272 273 6 335 301 12 435 382 o 499 17
273 18 336 302 4 436 7 500 406 9
274 274 5 337 1 1 437 383 2 501 12
275 13 338 303 2 438 10 502 18
276 275 4 339 8 439 10 503 407 9
277 18 340 17 ’ 440 384 7 504 15
278 276 6 341 ult. 441 17 505 408 2
279 12 342 304 2 442 385 11 506 10
280 277 4 343 1 1 443 386 3 507 13
281 13 344 17 444 1 1 :308 ult.
282 278 4 345 305 2 445 pen. 509 409 5

ι,383 pen. :546 16 446 587 7 ΜΟ 1 1

