102

Lips. Tayl. Lips.Tay1. Lips. Tayl. Lips Tay!-

 

511 410 7 558 429 9 605 446 14 659 72610·
512 13 559 16. 606 447 1 660 16
513 411 2 560 430 ’ 10 607 6 661 727 4
5 14 7 561 431 1 608 8 662 16
515 11 562 6 609 13 663 ult-
516 412 5 563 14 610 448 1 664 728 8
517 17 564 432 4 611 15 665 ’ 17
518 413 8 565 8 612 449 2 666 729 6
519 17 566 18 613 15 667 15
520 414 10 567 433 10 614 450 2 668 730 5
521 415 2 568 434 5 615 14 669 11
522 9 569 10 616 451 1 670 731 6
523 pen. 570 435 3 617 13 671 , 17
524 416 3 571 - 9 618 16 672 732 8
525 8 572 14 619 452 5 673 16
526 417 2 573 436 1 620 12 674 733 9
527 9 574 7 621 14 675 734 2
530 11 575 14 622 16 676 ult.
531 17 576 437 5 623 453 5 677 735 8
532 418 2 577 15 624· 16 678 736 1
533 17 578 438 3 625 454 7 679 1 1
534 419 3 579 15 626 16 680 737 -1-
535 14 580 pen. 627 455 3 681 pen.
536 420 1 2 581 439 12 628 8 682 738 14
537 ult. 582 14 629» 18 683 739 8
538 421 17 583 440 4 631 456 4 684 15
539 422 5 584 pen. 632 ibid. 685 7 40 4
540 17 585 441 1 636 ult. 686 16
541 423 9 586 13 634 457 14 687 741 12
542 18 587 ibid. 635 458 5 688 ult.
543 424 8 588 442 1 636 15 689 ⁷42 12
544 1 3 589 10 637 459 4 690 743 3
545 425 8 590 pen. 638 13 691 11
546 426 1 591 443 9 639 460 3 692 pen.
547 8 592 12 641 12 693 744 3
548 10 593 pen. 642 pen. 694 10
549 pen. 594 444 10 643 461 8 695 ult.
550 427 3 595 16 644 15 696 7 45 14
551 12 596 445 1 645 462 1 697 746 9
552 428 8 597 3 646 1 3 698 17
553 12 598 8 647 pen. 699 747 3
554 16 599 12 648 463 pen. 700 15
555 429 4 600 18 ’ 656 726 1 701 748 7
556 7 601 446 3 657 2 702 pen.
557 ibid. 602 9 658 3

 

 

Lon lin} imprimebat J. F. Dov13, in Arca« quae cst Divi joannis.

 

